263.62
265.909
272.369
282.961
297.631
316.301
338.88
365.261
395.314
428.912
465.91
506.143
549.451
595.66
644.594
696.071
749.9
805.875
863.805
923.468
984.652
1047.13
1110.68
1175.06
1240.01
1305.3
1370.65
1435.81
1500.51
1564.49
1627.47
1689.18
1749.38
1807.8
1864.18
1918.3
1969.93
2018.85
2064.88
2107.82
2147.51
2183.82
2216.61
2245.75
2271.17
2292.77
2310.49
2324.28
2334.09
2339.89
2341.66
2339.39
2333.06
2322.71
2308.35
2290.02
2267.74
2241.59
2211.65
2178.02
2140.8
2100.12
2056.13
2009
1958.91
1906.08
1850.71
1793.04
1733.32
1671.81
1608.77
1544.47
1479.19
1413.22
1346.83
1280.28
1213.87
1147.85
1082.5
1018.06
954.797
892.936
832.716
774.361
718.102
664.141
612.678
563.914
518.035
475.209
435.606
399.384
366.702
337.662
312.393
291.022
273.614
260.238
250.959
245.815
