0.151885
0.153789
0.159357
0.167677
0.177652
0.188138
0.19795
0.206029
0.21146
0.213543
0.211814
0.206108
0.19648
0.183316
0.167165
0.148797
0.129064
0.108961
0.089468
0.0715176
0.0559869
0.0435898
0.0348777
0.030201
0.029758
0.0334389
0.0410423
0.0521262
0.0661161
0.0823128
0.0999725
0.118301
0.136513
0.153907
0.169848
0.183828
0.195454
0.204522
0.210941
0.214804
0.216281
0.215687
0.213408
0.209851
0.205491
0.200731
0.195984
0.191572
0.187749
0.18466
0.182373
0.180862
0.179968
0.179526
0.179282
0.178933
0.178204
0.176786
0.174406
0.170876
0.166009
0.159721
0.152018
0.142954
0.132664
0.121372
0.10934
0.0968697
0.0843122
0.0720131
0.060327
0.0495588
0.0400354
0.0320034
0.0256439
0.0211084
0.0184756
0.0177614
0.0189143
0.0218377
0.0263862
0.0323604
0.0395417
0.0477255
0.0566545
0.0660787
0.0757534
0.0854733
0.0950187
0.104215
0.112904
0.120953
0.128255
0.134719
0.140275
0.144876
0.148492
0.151092
0.152679
0.153257
