2.43673
3.16376
4.56617
5.89744
6.90092
7.20457
6.9067
5.91686
4.52032
3.09034
2.38286
3.24043
4.49414
5.83608
6.80677
7.28067
6.85656
5.93188
4.38689
3.00025
2.38966
3.24523
4.54844
5.9016
6.91313
7.3459
6.96135
5.88239
4.25971
2.90802
2.38723
3.30966
4.74609
6.09333
7.08201
7.42893
6.80714
5.62689
3.93068
2.55739
2.47747
3.62735
5.26439
6.4389
7.47158
7.4962
6.62547
5.19274
3.37311
2.23264
2.76824
4.21248
5.82118
7.23063
7.96257
7.36206
6.18366
4.35823
2.73583
2.31316
3.67634
5.35946
6.93032
8.07621
8.05646
6.98142
5.36974
3.17663
2.14565
3.28509
5.00034
6.80964
8.25219
8.60384
7.63107
5.99377
3.4973
2.17214
3.0787
5.15249
7.34851
8.99971
9.60325
8.78697
7.03301
4.01425
3.18664
4.30125
384.468
97.9279
135.782
12307.8
0
0
0
0
0
0
0
0
