0.0531503
0.0766826
0.0400839
0.0546234
0.0711643
0.0649078
0.0653703
0.0396344
0.0262495
0.0533556
0.0560044
0.0446525
0.0238616
0.0366939
0.051466
0.0633954
0.0553552
0.0330623
0.0325516
0.058511
0.0680109
0.0500133
0.0342216
0.0359685
0.0557531
0.0684536
0.0571609
0.0336207
0.0397394
0.0655906
0.0735257
0.050002
0.040259
0.038808
0.0627835
0.0724914
0.0563262
0.0369691
0.0437635
0.0739337
0.0750069
0.044827
0.0442033
0.0466384
0.0714259
0.0737182
0.0492237
0.044998
0.0549763
0.0811833
0.0697169
0.0450189
0.0453572
0.0632461
0.0789395
0.0701074
0.0443693
0.049549
0.075876
0.0842015
0.0541437
0.0522697
0.0549618
0.0775277
0.0833727
0.0520201
0.0557324
0.0681135
0.0983733
0.0732536
0.0619903
0.0792872
0.0939809
0.102449
0.0927428
0.11323
0.0939658
0.132854
0.106077
0.178437
0.274718
0.329129
0.411429
0.542128
0.653462
0.674357
0.692899
1.13756
1186.65
18.0649
25.6584
16319.7
0
0
0
0
0
0
0
0
