-1.06961e-21
-6.93062e-21
-1.40269e-20
-2.25349e-20
-2.20078e-20
-5.98796e-20
-5.25763e-20
-3.17204e-20
-1.37355e-19
-6.68064e-20
-6.17618e-20
-1.71913e-19
-4.71551e-20
-1.25684e-19
-1.59039e-19
-1.87876e-19
-7.66695e-20
-1.05506e-19
-2.08129e-19
-1.2704e-19
-1.03172e-19
-2.02783e-19
-2.57219e-19
-1.33967e-19
-2.4713e-19
-2.51873e-19
-1.51208e-19
-4.08932e-19
-1.81777e-19
-6.60531e-20
-4.67031e-20
-3.58637e-19
-3.2724e-19
-1.72366e-19
-3.3974e-19
-2.1197e-19
-1.56479e-19
-3.08795e-19
-2.53305e-19
-1.97815e-19
-3.59165e-19
-2.7657e-19
-2.21081e-19
-3.82431e-19
-3.26941e-19
-5.46108e-20
-4.05696e-19
-3.23101e-19
-7.78763e-20
-4.28962e-19
-4.18647e-19
-1.19212e-19
-6.87138e-19
-4.23843e-19
-1.24407e-19
-6.92335e-19
-4.47108e-19
-1.83813e-19
-8.0595e-19
-5.06513e-19
-2.07078e-19
-9.73776e-19
-5.29779e-19
-4.29115e-19
-8.5248e-19
-6.97605e-19
-3.0782e-19
-1.02031e-18
-5.76311e-19
-4.75646e-19
-1.17609e-18
-7.26066e-19
-2.21837e-19
-1.19935e-18
-7.49333e-19
-2.81243e-19
-1.22262e-18
-7.72598e-19
-3.04508e-19
-1.30009e-18
-7.95862e-19
-3.27774e-19
-1.32336e-18
-8.5527e-19
-3.51039e-19
-1.34662e-18
-8.78533e-19
-4.28516e-19
-1.36989e-18
-5.22328e-19
-3.9757e-19
-1.39316e-18
-5.45595e-19
-4.20836e-19
-1.45256e-18
-5.6886e-19
-4.44101e-19
-1.47582e-18
-5.92125e-19
-5.75788e-19
