0
1.28
2.56
3.84
5.12
6.4
7.68
8.96
10.24
11.52
12.8
14.08
15.36
16.64
17.92
19.2
20.48
21.76
23.04
24.32
25.6
26.88
28.16
29.44
30.72
32
33.28
34.56
35.84
37.12
38.4
39.68
40.96
42.24
43.52
44.8
46.08
47.36
48.64
49.92
51.2
52.48
53.76
55.04
56.32
57.6
58.88
60.16
61.44
62.72
64
65.28
66.56
67.84
69.12
70.4
71.68
72.96
74.24
75.52
76.8
78.08
79.36
80.64
81.92
83.2
84.48
85.76
87.04
88.32
89.6
90.88
92.16
93.44
94.72
96
97.28
98.56
99.84
101.12
102.4
103.68
104.96
106.24
107.52
108.8
110.08
111.36
112.64
113.92
115.2
116.48
117.76
119.04
120.32
121.6
122.88
124.16
125.44
126.72
