263.62
2147.51
954.797
965.689
2128.11
230.638
2159.08
862.495
1091.94
2132.26
252.173
2477.06
555.53
1675.88
1845.19
660.118
2932.69
183.103
3034.16
601.604
2428.5
1751.16
1666.93
3102.11
1042.34
4253.83
638.177
5166.53
445.799
5990.63
436.436
6841.23
676.936
7595.33
1452.55
7628.08
3274.16
5788.51
6748.36
2003.15
12576
4570.31
22876.6
4084.43
18776.5
3816.75
16007.1
3643.35
13977.4
2973.7
10630.6
1437.57
5775.57
429.38
1913.56
2328.63
1434.1
5613.96
1513.89
4213.98
587.943
1363.58
2607.75
1275.83
3712.96
832.506
1974.77
1877.08
1321.2
3211.18
778.895
2608.25
1624.85
2256.17
3308.33
1335.01
3508.41
655.409
3601.43
715.424
3982.2
855.924
4844.04
656.532
6713.57
1144.27
11266.4
27774.4
28853.5
10838.5
7240.72
7936.88
7405.92
9375.05
15173.8
14761.2
24536.3
16625.3
23506.2
13779
