0.151885
0.216281
0.0263862
0.0316366
0.125709
0.172426
0.134418
0.0793807
0.0747335
0.136536
0.18771
0.185813
0.158949
0.11511
0.113569
0.156409
0.221629
0.229648
0.201342
0.189666
0.157152
0.141352
0.163027
0.179143
0.193201
0.231527
0.221467
0.256165
0.237359
0.263772
0.242968
0.266596
0.241691
0.262224
0.233149
0.235301
0.214354
0.192416
0.190378
0.199659
105215
43.0616
8.53313
0.582849
0.549458
0.676983
1.11886
1.69903
3.09895
5.05841
6.79992
8.60587
8.32097
7.12486
4.7799
3.06693
3.58199
6.20473
8.38745
7.64031
4.48194
1.8367
3.57656
8.62931
11.2807
8.097
2.42531
1.23971
6.61809
12.5252
12.7619
7.2525
1.36572
0.508984
4.44781
10.043
13.2683
14.3355
13.3477
11.5218
10.6651
9.87394
10.7333
11.4244
11.9093
10.3527
74136.8
2994.96
37.7884
5.44248
2.60431
2.78861
2.98674
3.1452
3.47068
3.96731
6.03667
8.4131
10.9029
13.6551
