2.43673
3.15516
4.54314
5.90663
6.85648
7.18338
6.85651
5.90924
4.49959
3.08484
2.32781
3.09966
4.44414
5.79271
6.78282
7.17345
6.76861
5.85276
4.38688
2.94703
2.26647
3.04797
4.4589
5.8679
6.82601
7.1398
6.73431
5.73257
4.19928
2.74189
2.22643
3.19435
4.67154
6.03693
7.00518
7.25941
6.74332
5.5139
3.86193
2.49222
2.27391
3.57296
5.09024
6.47455
7.23676
7.33406
6.61184
5.08556
3.30122
2.15194
2.65319
4.17606
5.78007
7.07862
7.64939
7.33395
6.08749
4.2439
2.53871
2.16067
3.53805
5.23085
6.80294
7.78646
7.89879
6.94043
5.05473
3.03417
2.05057
3.0741
4.9081
6.71859
7.98455
8.35328
7.5179
5.62358
3.2743
1.9977
3.00992
4.99554
6.94602
8.34555
8.76947
7.86208
5.75371
3.20158
2.03708
3.31528
5.52999
7.61692
9.02702
9.18224
7.88339
5.2295
2.59353
2.1583
4.19101
6.67856
8.76607
9.77834
