0.0531503
0.0769243
0.038842
0.0547777
0.070995
0.0646211
0.065525
0.0401118
0.0259521
0.0532057
0.0560194
0.0448357
0.0241091
0.0367488
0.0517718
0.0637928
0.0553545
0.0337467
0.0324499
0.0582786
0.0678177
0.0498092
0.0344507
0.0366765
0.0555162
0.0691882
0.056931
0.0333407
0.0402936
0.0660778
0.0734276
0.0504236
0.0397952
0.0382874
0.0626625
0.0728855
0.0567558
0.0367832
0.0438871
0.0737323
0.0749073
0.044944
0.0436318
0.0464427
0.0709987
0.0742643
0.0495425
0.0446854
0.0552452
0.0811118
0.0689272
0.0449964
0.044174
0.0620534
0.0781279
0.0688095
0.0421534
0.0489425
0.0738639
0.0810093
0.0527449
0.0489973
0.0501639
0.076812
0.077658
0.0503507
0.0507855
0.0644698
0.0850468
0.0645798
0.0511335
0.0458904
0.0744253
0.0812936
0.0590423
0.052701
0.0592543
0.085769
0.0689201
0.0527682
0.0474222
0.0751817
0.0833237
0.0595071
0.0547302
0.0639802
0.0868906
0.0658108
0.0549017
0.0512522
0.0794491
0.0813114
0.0522268
0.0558567
0.0763871
0.0862328
0.0550164
0.0540391
0.0657527
0.084981
