2.43673
2.45138
2.47812
2.51366
2.58094
2.6437
2.73941
2.83101
2.92746
3.05203
3.16148
3.28954
3.41843
3.54605
3.69771
3.84176
3.97279
4.10797
4.25518
4.38507
4.53254
4.68741
4.82014
4.97319
5.11759
5.25611
5.38115
5.51967
5.63988
5.76869
5.89785
6.02066
6.12756
6.24074
6.33594
6.43859
6.52368
6.60675
6.70071
6.80332
6.86775
6.90693
6.9474
6.9924
7.04002
7.07189
7.09109
7.12538
7.15349
7.18204
7.17623
7.14518
7.13425
7.15482
7.14171
7.11176
7.06745
7.00305
6.96084
6.91924
6.86832
6.77939
6.70398
6.61823
6.52825
6.45308
6.36436
6.25839
6.12836
6.00111
5.89026
5.77676
5.65089
5.53391
5.41739
5.27774
5.10755
4.95209
4.81731
4.64935
4.49768
4.36725
4.23545
4.07023
3.93379
3.79955
3.63204
3.51715
3.37376
3.22227
3.0846
2.98409
2.8679
2.75163
2.64211
2.56229
2.48984
2.45168
2.39358
2.36005
