0.0532038
0.0568709
0.060335
0.066133
0.0708381
0.0769792
0.079381
0.0829804
0.0843055
0.0894095
0.0869519
0.0855336
0.085831
0.0829197
0.080584
0.0737356
0.0710673
0.0694157
0.062987
0.0575216
0.051309
0.0478486
0.0444738
0.0462714
0.0385793
0.0419734
0.046357
0.0530231
0.0591732
0.0646418
0.0704903
0.0762312
0.0811284
0.0839615
0.0866363
0.0914843
0.0931279
0.0913173
0.0937823
0.0973471
0.0948297
0.0951422
0.0934889
0.0900651
0.0878078
0.0871685
0.0827519
0.0818651
0.0820106
0.0791394
0.0813504
0.0830725
0.083496
0.0882552
0.0900166
0.0929202
0.0938931
0.0961622
0.0984525
0.0984482
0.0967576
0.0965796
0.0946466
0.0961861
0.0915983
0.0914744
0.0850693
0.0820934
0.0762488
0.0697619
0.0629269
0.0578581
0.0523798
0.0484988
0.0450959
0.0394678
0.0379771
0.0408568
0.0460857
0.0486768
0.0590361
0.0609907
0.0713571
0.0717553
0.0783906
0.0844959
0.0847048
0.0920959
0.0902891
0.0914205
0.0915346
0.0922655
0.089029
0.0876811
0.0841008
0.0792998
0.0742718
0.0706079
0.062439
0.0552381
