263.621
2147.84
953.724
966.543
2127.12
230.891
2162.21
857.377
1095.21
2128.32
256.215
2485.82
545.57
1683.55
1825.99
673.35
2942.11
193.027
3074.26
571.004
2468.61
1683.81
1713.73
3052.3
1123.57
4276.43
762.654
5296.37
618.791
6247.72
686.35
7223.65
1065.05
8025.45
2064.52
7873.08
4304.32
5628.28
9061.33
2119.25
16750.3
1821.57
19793.3
9181.36
9740.32
30135.7
4668.5
35947
30006.2
13367.6
73006.2
33921.2
39152.5
139996
58882.5
87830.7
287684
168077
177005
610497
689257
345214
1.29501e+06
2.79339e+06
956630
2.70468e+06
9.3985e+06
8.21633e+06
5.89506e+06
2.46474e+07
5.17973e+07
2.40491e+07
6.30929e+07
2.4322e+08
2.08734e+08
1.50805e+08
8.55405e+08
1.61065e+09
7.93571e+08
2.67903e+09
8.95636e+09
5.60653e+09
8.89603e+09
4.33905e+10
4.55046e+10
3.48272e+10
1.84989e+11
3.2671e+11
1.79194e+11
7.34545e+11
2.00349e+12
1.09898e+12
2.9605e+12
1.1068e+13
7.33415e+12
1.29833e+13
5.71271e+13
4.96289e+13
6.27667e+13
2.81931e+14
