0.151937
0.369902
0.0774916
0.0762776
0.321505
0.185375
0.322148
0.160804
0.162144
0.358872
0.332296
0.426587
0.450551
0.496494
0.535157
0.61189
0.821836
0.912701
1.0207
1.19719
1.37869
1.51928
1.85367
2.13586
2.41834
2.90823
3.1557
3.81687
4.17086
5.03342
5.59262
6.80793
7.70156
9.46909
10.9243
12.8606
14.3751
14.8353
15.4594
17.5978
21.7901
28.8594
38.9875
42.1306
36.1855
41.384
62.697
87.0315
70.688
71.9891
127.312
147.92
101.332
179.731
245.686
152.603
291.919
347.097
237.079
521.65
382.627
468.99
761.871
490.407
974.937
718.566
1042.88
1296.16
1066.08
1873.72
1464.44
2005.68
2212.65
2438.83
3105.97
3184.99
3478.66
4575.9
4350.81
5317.32
7310.7
4892.3
9362.79
8861.42
7504.96
15480.2
7847.19
15316.5
19998.2
7980.86
28943.5
19276
15370.4
45004.2
13925.6
34899
57007.5
9655.05
67545.8
58763.4
