263.621
265.911
272.374
282.97
297.644
316.319
338.905
365.293
395.353
428.959
465.965
506.202
549.51
595.722
644.663
696.132
749.948
805.916
863.833
923.486
984.66
1047.13
1110.67
1175.04
1239.99
1305.28
1370.64
1435.81
1500.52
1564.52
1627.53
1689.27
1749.5
1807.94
1864.36
1918.52
1970.18
2019.13
2065.18
2108.13
2147.84
2184.16
2216.94
2246.07
2271.48
2293.07
2310.76
2324.52
2334.3
2340.07
2341.8
2339.49
2333.14
2322.76
2308.36
2289.98
2267.67
2241.49
2211.51
2177.83
2140.55
2099.81
2055.76
2008.56
1958.39
1905.47
1850.02
1792.27
1732.47
1670.89
1607.79
1543.43
1478.11
1412.1
1345.67
1279.12
1212.71
1146.7
1081.37
1016.96
953.724
891.908
831.739
773.43
717.22
663.3
611.883
563.158
517.312
474.517
434.942
398.747
366.08
337.071
311.843
290.498
273.137
259.828
250.608
245.516
