0.151937
0.15455
0.161117
0.17138
0.184057
0.198383
0.212768
0.226289
0.237516
0.24556
0.248965
0.247936
0.241733
0.230468
0.215022
0.195277
0.173218
0.14944
0.125241
0.102535
0.0821579
0.0657393
0.0542297
0.0485193
0.0490283
0.0563685
0.0700781
0.0898942
0.114923
0.144398
0.17676
0.210794
0.24484
0.277346
0.306919
0.332434
0.352363
0.366413
0.374144
0.375121
0.369902
0.359606
0.344408
0.326386
0.306421
0.286535
0.267585
0.251696
0.239198
0.231667
0.229094
0.231825
0.239663
0.251926
0.267491
0.28533
0.303989
0.322086
0.338103
0.350489
0.358505
0.360957
0.357479
0.347939
0.332202
0.311104
0.285298
0.2561
0.224307
0.191919
0.159608
0.12971
0.102453
0.079853
0.0622638
0.0505836
0.0448233
0.0451226
0.0510112
0.0622551
0.0774916
0.0961581
0.116754
0.138253
0.159305
0.179014
0.195874
0.209749
0.219266
0.225105
0.226672
0.224174
0.218513
0.210114
0.199951
0.189396
0.178594
0.169212
0.161479
0.156459
