2.43673
2.4479
2.47764
2.51115
2.58176
2.64371
2.74513
2.82155
2.93084
3.05174
3.16376
3.28773
3.43874
3.55974
3.68919
3.83402
3.97678
4.13046
4.2867
4.4421
4.56617
4.69705
4.85073
4.98124
5.12084
5.24997
5.38433
5.52092
5.67506
5.80077
5.89744
6.0241
6.15582
6.28052
6.37031
6.44166
6.5312
6.6356
6.71972
6.81391
6.90092
6.96162
7.01013
7.03189
7.08002
7.10255
7.11899
7.12075
7.15036
7.191
7.20457
7.20221
7.16209
7.17494
7.15359
7.13
7.06712
7.02975
6.98878
6.94399
6.9067
6.8416
6.73253
6.64438
6.56686
6.47432
6.39604
6.28385
6.16107
6.02756
5.91686
5.79002
5.63744
5.51007
5.37727
5.21888
5.08184
4.96123
4.82835
4.66017
4.52032
4.37076
4.24163
4.09662
3.98065
3.85056
3.69142
3.50768
3.35103
3.20892
3.09034
2.97722
2.88357
2.77993
2.6944
2.58155
2.51801
2.47207
2.42639
2.36374
