0.0531503
0.055016
0.0587952
0.0630496
0.067544
0.0709999
0.0734153
0.0758221
0.077479
0.078027
0.0766826
0.0753238
0.0737864
0.0702958
0.0664115
0.062811
0.0581341
0.0543296
0.0485549
0.0438373
0.0400839
0.0353819
0.0325483
0.0293444
0.028639
0.0307442
0.0352361
0.0399376
0.0448445
0.049961
0.0546234
0.0585083
0.0615133
0.064412
0.0671069
0.0689422
0.0701969
0.0709088
0.071213
0.0713671
0.0711643
0.0703514
0.0698381
0.0696838
0.0687397
0.068076
0.0665606
0.0663024
0.065549
0.0656953
0.0649078
0.0655766
0.0658343
0.0665064
0.0664161
0.0670971
0.0672046
0.0671227
0.0671977
0.0662607
0.0653703
0.0643373
0.062811
0.0601389
0.057498
0.054849
0.0513407
0.047705
0.045339
0.0427974
0.0396344
0.0362892
0.033132
0.0303533
0.0272027
0.0233509
0.0203762
0.0188445
0.0202497
0.0230143
0.0262495
0.0293278
0.0323827
0.0355946
0.0385307
0.0417706
0.0447124
0.0469915
0.0496888
0.0516583
0.0533556
0.0550038
0.0557188
0.0564257
0.0572026
0.0579431
0.0580534
0.0574686
0.05719
0.0568723
