2.43673
6.86775
4.49768
4.42969
6.83582
2.28457
6.85688
4.24744
4.59118
6.83814
2.31629
7.30801
3.37525
5.72794
6.20612
3.36247
8.03666
2.20995
8.11783
3.17177
6.93444
5.5519
5.18442
7.91898
4.51522
9.60986
4.08579
10.9422
3.90005
11.9657
4.27629
12.9012
5.38714
13.5042
7.15267
13.0256
9.20298
10.4008
14.9888
7.74835
21.3351
7.55106
21.6966
14.2285
14.7705
29.9807
11.7499
29.3633
28.8265
17.6602
44.203
27.8741
31.2752
62.5813
37.1386
46.4548
88.7048
67.5442
63.8633
124.997
145.866
99.5293
179.391
299.753
172.93
264.629
494.258
477.944
403.296
773.497
1220.52
957.102
1217.51
2465.45
2471.66
1810.93
4452.36
5990.34
5584.86
7791.82
13978.1
13660.2
12845.5
30433.3
34268.7
24380
63312.2
81936
65505.7
127664
187174
173541
246568
425182
420726
483122
978898
1.05422e+06
1.10066e+06
2.22127e+06
