0.0532038
0.0948297
0.0590361
0.0469468
0.0921274
0.0643673
0.0884683
0.0682636
0.0519462
0.0824381
0.101255
0.108595
0.112315
0.0965406
0.0966026
0.123142
0.136258
0.160344
0.146551
0.157272
0.154231
0.16362
0.186572
0.185662
0.202177
0.233315
0.236541
0.266127
0.278597
0.301927
0.316106
0.349685
0.3525
0.423987
0.436516
0.483866
0.497695
0.488752
0.506467
0.560546
0.631354
0.713725
0.854511
0.896437
0.777038
0.88725
1.0572
1.31353
1.21643
1.26205
1.49541
1.81333
1.42371
1.90911
2.37685
1.78234
2.45001
2.93163
2.42934
3.13393
3.21491
3.27696
4.19491
3.43531
4.25356
4.01793
4.84149
5.56472
4.91367
6.19681
5.68889
5.8394
6.32567
7.05473
7.86085
7.74328
8.09974
8.9374
8.90546
10.8145
11.6962
9.16125
13.7391
13.6223
12.1062
16.2057
12.2176
17.2613
18.018
13.5588
22.3077
18.6228
20.0228
26.8366
16.3894
28.8693
31.8502
14.0967
38.4347
33.9758
