263.62
465.91
984.652
1627.47
2147.51
2341.66
2140.8
1608.77
954.797
435.606
244.791
451.537
965.689
1600.61
2121.02
2324.54
2128.11
1588.38
922.345
403.283
230.638
461.082
992.258
1635.77
2159.08
2356.38
2134.37
1555.4
862.495
352.713
226.349
514.895
1091.94
1758.55
2275.61
2431.52
2132.26
1472.25
746.787
279.138
252.173
647.836
1302.62
1997.78
2477.06
2523.87
2068.43
1287
555.53
206.265
361.498
920.71
1675.88
2376.02
2737.09
2553.25
1845.19
947.906
315.982
223.626
660.118
1423.74
2262.08
2867.36
2932.69
2339.57
1343.65
483.389
183.103
522.43
1302.84
2248.85
3034.16
3274.78
2743.15
1644.01
601.604
175.761
502.807
1359.35
2428.5
3345.43
3645.83
3032.03
1751.16
576.964
169.328
634.602
1666.93
2895.38
3875.85
4038.54
3102.11
1544.9
376.135
235.763
1042.34
2357.72
3747.16
4598.66
