0.151885
0.211814
0.0559869
0.0999725
0.216281
0.182373
0.166009
0.060327
0.0263862
0.112904
0.152816
0.100912
0.0316366
0.0505275
0.125903
0.166635
0.125709
0.0469276
0.0504353
0.137475
0.172426
0.112801
0.0544053
0.0681369
0.134418
0.177668
0.133003
0.0587985
0.0793807
0.1673
0.18498
0.121539
0.0747335
0.0939532
0.157396
0.191426
0.136536
0.0720844
0.114311
0.195223
0.18771
0.123059
0.0932133
0.124025
0.185813
0.199277
0.128711
0.089793
0.158949
0.215249
0.177218
0.121398
0.11511
0.161211
0.213739
0.18887
0.113569
0.127512
0.207829
0.213481
0.156409
0.125732
0.148425
0.206348
0.221629
0.151921
0.121614
0.193187
0.229648
0.183605
0.142102
0.149135
0.201342
0.235381
0.178884
0.130193
0.189666
0.236346
0.197987
0.155317
0.157152
0.20656
0.243136
0.187947
0.141352
0.20141
0.240412
0.200401
0.163027
0.169824
0.223221
0.246372
0.179143
0.157411
0.225432
0.237959
0.193201
0.167882
0.191809
0.248272
