2.43673
6.85648
4.49959
4.44414
6.76861
2.26647
6.82601
4.19928
4.67154
6.74332
2.27391
7.23676
3.30122
5.78007
6.08749
3.53805
7.89879
2.05057
7.98455
3.2743
6.94602
5.75371
5.52999
7.88339
4.19101
9.29972
3.33355
10.305
2.84888
11.1587
2.84689
11.845
3.55128
12.3636
5.00052
12.1597
7.31852
10.2343
11.2584
5.86393
23.1513
13.2632
26.7239
10.0333
23.8185
9.99273
22.0032
9.73327
20.2986
8.73815
17.3019
5.90658
12.3152
3.52692
7.88324
8.21805
6.16282
13.1977
6.4592
11.0676
3.77811
7.17373
9.18391
5.8853
10.3197
4.34913
8.12643
7.67506
5.44747
9.60793
4.70289
8.98697
7.1207
7.68392
10.069
5.53489
9.88468
4.76753
9.88019
4.67531
10.4122
4.93484
11.2386
4.95277
12.6768
5.65538
24.4104
30.5012
33.4177
17.4597
18.0306
19.0613
19.0063
17.8126
27.5811
18.1474
34.3496
19.9815
30.2857
22.8722
