0.0531503
0.070995
0.0259521
0.0241091
0.0553545
0.0678177
0.0555162
0.0402936
0.0397952
0.0567558
0.0749073
0.0709987
0.0552452
0.044174
0.0421534
0.0527449
0.077658
0.0850468
0.0744253
0.0592543
0.0474222
0.0547302
0.0549017
0.0522268
0.0550164
0.0723078
0.0722846
0.080837
0.0805713
0.0838786
0.0825166
0.0833375
0.0777596
0.0784038
0.0652601
0.0653135
0.0594896
0.0624145
0.0540799
0.0568179
95.7345
1.06821
0.498767
0.126755
0.0986134
0.122859
0.153067
0.176174
0.253555
0.280719
0.357079
0.396373
0.3903
0.362623
0.289204
0.219647
0.237394
0.318017
0.36964
0.364076
0.304841
0.17293
0.240469
0.372955
0.429537
0.386244
0.206389
0.13978
0.326512
0.447912
0.465774
0.337428
0.187686
0.0975979
0.287365
0.404833
0.46783
0.486968
0.460222
0.441569
0.408173
0.407303
0.411222
0.433528
0.445938
0.407715
88.5013
17.4049
0.913754
0.348544
0.260526
0.217083
0.237653
0.247599
0.238095
0.266154
0.316634
0.380922
0.434079
0.482941
