2.43673
3.16148
4.53254
5.89785
6.86775
7.17623
6.86832
5.89026
4.49768
3.0846
2.35781
3.06586
4.42969
5.80945
6.80205
7.15891
6.83582
5.86582
4.4245
2.97017
2.28457
3.02831
4.40984
5.80386
6.85688
7.21466
6.80145
5.78486
4.24744
2.83181
2.21879
3.11858
4.59118
5.96287
6.98438
7.24992
6.83814
5.56832
3.97494
2.56674
2.31629
3.4355
4.94531
6.38766
7.30801
7.40385
6.65727
5.12953
3.37525
2.22169
2.59952
4.02734
5.72794
7.13404
7.76529
7.43623
6.20612
4.20369
2.64094
2.23418
3.36247
5.03594
6.77084
7.92838
8.03666
7.00695
5.07285
3.0022
2.20995
2.98887
4.68382
6.69363
8.11783
8.5289
7.5985
5.50854
3.17177
2.26477
3.11724
4.68173
6.93444
8.60025
9.03807
7.95704
5.5519
3.16977
2.26443
3.58038
5.18442
7.75703
9.47883
9.55197
7.91898
4.86324
2.68462
2.51902
4.51522
6.58674
9.26132
10.4416
