0.0532038
0.0869519
0.051309
0.0704903
0.0948297
0.0813504
0.0967576
0.0629269
0.0590361
0.0915346
0.0498749
0.0786394
0.0469468
0.0708463
0.0938953
0.0909797
0.0921274
0.07248
0.0574738
0.0977695
0.0643673
0.0870502
0.0527509
0.0754856
0.0884683
0.0965747
0.0885723
0.0693381
0.0682636
0.105934
0.0811336
0.0959883
0.0519462
0.0768507
0.0922442
0.103889
0.0824381
0.0711849
0.0887907
0.111235
0.101255
0.100569
0.0718354
0.0921595
0.108595
0.113817
0.0846672
0.0773225
0.112315
0.121814
0.118211
0.0985336
0.0965406
0.097321
0.126632
0.1105
0.0966026
0.101812
0.140158
0.13445
0.123142
0.109858
0.115154
0.134404
0.136258
0.115163
0.115719
0.144346
0.160344
0.143951
0.131372
0.134986
0.146551
0.160484
0.130735
0.136902
0.157272
0.184439
0.162957
0.157073
0.154231
0.167685
0.179334
0.159913
0.16362
0.175249
0.208135
0.182859
0.186572
0.169737
0.199218
0.20095
0.185662
0.187973
0.221027
0.228531
0.202177
0.213925
0.208767
0.229485
